1,5,4,4,2,6,8,6,5,2,7,9,9,4,3,4,9,0
2,4,2,4,3,5,9,6,3,2,6,7,7,6,3,4,9,0
3,4,4,6,4,6,9,5,5,4,5,7,8,7,4,2,9,0
4,7,5,2,-9999,3,4,1,2,1,3,4,3,1,1,2,4,1
5,9,7,6,3,7,8,6,5,4,5,8,8,6,5,4,9,0
6,4,-9999,3,2,1,4,1,2,-9999,3,5,4,1,1,1,4,0
7,1,1,1,1,1,1,1,1,1,1,1,1,-9999,-9999,-9999,-9999,1
8,4,5,6,3,5,8,3,3,2,3,3,6,2,4,3,9,0
9,7,10,7,5,6,8,4,5,3,6,6,8,8,4,6,9,0
10,9,9,3,4,7,8,3,4,3,6,8,8,8,4,4,9,0
11,5,3,8,6,6,9,6,5,4,5,9,9,8,4,5,8,0
12,7,5,8,8,6,9,6,5,4,6,9,8,8,5,5,9,0
13,7,5,7,5,4,7,5,4,4,4,6,4,1,3,4,4,1
14,7,8,4,3,3,8,4,2,3,4,6,6,6,4,2,9,0
15,4,4,4,3,7,6,5,5,2,4,6,7,2,2,2,7,0
16,6,7,4,2,6,6,5,3,-9999,5,7,7,6,2,2,8,0
17,3,6,5,4,5,9,4,4,4,4,6,6,7,4,2,9,0
18,6,5,5,5,6,9,6,5,3,5,9,8,7,3,3,9,0
19,-9999,-9999,1,-9999,2,4,1,1,-9999,2,1,1,3,1,1,1,1
20,6,6,8,6,4,8,5,4,5,5,7,7,8,3,1,5,0
21,2,3,8,5,5,7,3,3,4,7,9,8,4,5,4,8,0
22,8,5,4,4,7,8,6,5,5,6,9,9,7,4,2,9,0
23,1,5,4,3,5,6,3,1,3,4,6,7,6,3,1,2,0
24,8,7,6,6,5,7,6,5,3,5,8,7,6,4,3,8,0
25,6,6,8,7,5,9,3,4,4,6,9,9,1,4,3,9,0
26,3,6,7,7,4,9,3,4,4,5,8,8,3,5,5,8,0
27,8,7,8,8,9,6,4,3,4,3,4,4,7,3,6,8,0
28,1,3,5,3,4,7,5,4,2,3,6,5,8,2,1,8,0
29,7,6,7,7,8,9,5,5,4,3,4,6,7,3,5,7,0
30,4,3,7,5,8,9,3,3,4,6,8,8,8,5,3,9,0
31,2,3,5,3,4,7,5,5,2,5,7,8,4,3,1,1,0
32,4,4,4,3,3,1,2,3,3,3,4,4,1,2,3,4,0
33,2,3,4,2,3,1,5,5,2,4,5,5,1,2,1,4,0
34,9,10,9,5,5,7,6,4,5,-9999,-9999,-9999,8,2,6,8,0
35,9,10,7,6,4,9,5,5,4,-9999,-9999,-9999,7,3,5,8,0
36,6,6,5,6,4,5,6,5,5,4,6,6,8,2,1,8,0
37,5,6,6,5,7,5,6,5,4,4,6,6,8,3,3,9,0
38,8,5,6,5,4,9,6,5,4,5,8,8,9,5,4,9,0
39,7,-9999,6,6,9,9,6,5,5,6,8,9,9,5,3,9,0
40,4,6,6,7,8,9,4,5,5,7,8,9,9,4,3,9,0
41,8,8,7,5,5,7,3,4,5,5,8,9,2,4,5,8,0
42,6,6,7,6,6,9,6,4,5,5,7,8,9,5,2,9,0
43,6,4,5,3,5,7,5,4,3,4,5,7,6,3,1,8,0
44,6,4,9,6,8,9,5,5,5,7,9,9,7,6,6,9,0
45,8,6,8,7,9,6,5,5,5,5,7,7,8,4,1,9,0
46,8,10,5,4,5,9,4,5,3,7,9,9,8,3,3,9,0
47,2,4,4,2,4,9,5,3,3,5,8,7,5,2,2,8,1
48,2,5,9,6,6,9,4,3,6,5,8,7,5,5,2,9,0
49,3,4,8,5,7,9,3,3,5,6,9,7,4,7,2,9,0
50,5,4,6,6,7,7,6,5,4,6,8,8,8,3,4,9,0
51,4,5,8,7,6,7,5,3,4,7,9,9,7,4,4,9,0
52,8,7,6,5,8,9,5,4,5,5,6,7,5,3,3,9,0
53,6,6,6,5,7,9,6,5,3,5,8,8,4,4,4,9,0
54,5,4,6,5,5,6,5,4,4,5,5,4,3,3,1,9,0
55,5,6,7,7,6,5,5,4,4,4,4,4,6,3,2,5,0
56,3,4,7,7,7,5,4,3,6,6,8,8,8,5,7,9,0
57,8,5,5,3,5,8,4,3,3,7,8,8,5,4,3,8,0
58,9,10,9,8,9,7,6,4,7,7,9,9,9,7,7,9,0
59,6,9,9,8,9,9,6,5,7,7,8,9,9,7,6,9,0
60,8,7,6,5,7,9,4,5,4,8,9,9,7,5,7,9,0
61,9,8,6,5,6,9,6,5,4,8,9,9,6,5,6,9,0
62,4,4,2,3,3,9,5,4,-9999,5,8,8,3,3,4,9,0
63,5,3,4,3,3,9,3,3,1,5,7,7,1,2,4,7,0
64,3,4,2,2,2,9,2,1,-9999,3,3,5,2,1,3,7,1
65,4,3,3,1,2,5,5,4,2,3,4,6,3,1,2,6,0
66,3,7,8,5,4,6,5,3,5,6,8,9,9,7,2,9,0
67,7,6,7,5,4,5,5,5,5,7,9,9,9,7,3,9,0
68,8,6,7,6,6,5,4,2,6,6,7,7,7,5,5,7,0
69,7,8,7,6,6,5,5,3,5,5,8,8,5,4,4,7,0
70,9,7,9,5,7,9,5,5,7,6,8,8,8,5,5,9,0
71,5,7,7,5,8,9,4,3,6,7,8,9,7,5,4,9,0
72,6,5,6,6,8,8,5,3,6,7,9,9,7,4,4,9,0
73,7,5,5,5,5,7,4,3,4,5,8,8,3,2,3,5,0
74,2,2,4,4,3,7,3,3,3,5,6,6,8,2,1,9,0
75,9,6,4,-9999,7,7,5,5,3,3,5,4,3,3,3,5,0
76,-9999,-9999,7,6,6,8,5,5,6,-9999,-9999,-9999,8,4,4,9,0
77,8,9,5,6,6,-9999,5,5,6,5,7,7,3,6,6,9,0
78,2,4,4,3,5,9,3,3,4,2,5,5,6,3,2,9,0
79,3,7,7,6,5,8,3,2,6,5,6,6,7,5,4,5,0
80,6,3,3,-9999,4,7,3,3,2,2,3,2,7,3,2,9,0
81,7,5,4,4,5,7,6,5,3,5,7,8,6,3,3,4,0
82,9,6,5,7,5,9,-9999,-9999,7,5,6,8,8,5,5,-9999,0
83,8,7,9,8,7,9,5,5,6,5,8,9,6,5,4,9,0
84,9,7,9,4,7,6,5,4,6,4,3,4,4,4,4,9,0
85,4,5,5,5,4,9,-9999,-9999,5,4,6,4,6,6,4,-9999,0
86,6,5,9,7,8,9,6,5,5,5,6,6,9,6,5,9,0
87,8,5,5,5,6,7,4,4,4,5,9,9,6,2,4,7,0
88,5,6,3,4,5,9,5,5,2,3,4,6,3,1,5,9,0
89,5,5,4,4,4,8,4,4,2,1,1,1,3,1,5,7,0
90,6,3,4,5,8,9,5,5,3,5,7,8,5,4,4,9,1
91,6,6,7,6,4,6,5,4,4,5,7,7,7,5,1,9,0
92,4,5,5,5,3,9,6,5,4,5,7,7,9,5,3,9,0
93,5,6,5,5,8,9,5,5,5,5,8,7,4,4,2,9,0
94,9,6,7,4,4,6,-9999,-9999,5,6,8,7,5,4,5,-9999,0
95,6,7,5,4,4,8,5,3,2,4,6,6,6,4,4,9,1
96,8,5,5,4,4,8,4,3,3,3,5,5,8,3,5,8,0
97,7,7,4,3,3,7,6,4,2,-9999,-9999,-9999,6,4,3,8,0
98,2,3,5,4,5,9,6,5,3,4,5,7,7,4,2,7,1
99,2,5,5,4,4,4,5,5,2,2,3,3,6,3,1,1,0
100,2,4,5,4,3,4,2,3,3,2,4,5,2,3,3,5,0
101,5,4,7,5,7,9,5,5,4,4,3,6,5,3,1,9,1
102,5,4,6,6,6,9,6,5,4,4,6,6,6,3,3,9,1
103,3,2,5,5,6,9,6,5,4,3,3,4,6,2,3,8,1
104,2,4,4,4,2,4,5,5,3,1,3,3,3,1,2,2,0
105,7,8,7,6,5,9,-9999,-9999,5,5,9,9,9,4,3,-9999,0
106,1,7,5,3,5,7,5,4,2,2,4,4,6,3,4,8,0
107,9,4,3,5,5,5,5,5,3,3,4,3,2,4,4,8,0
108,7,6,4,4,6,8,3,3,3,3,5,5,6,2,3,8,1
109,7,7,4,4,4,8,2,3,4,3,6,6,3,4,4,8,1
110,-9999,-9999,5,4,5,9,5,4,3,3,5,5,6,4,2,8,0
111,8,4,6,6,8,8,6,5,4,5,8,8,8,5,4,9,0
112,9,10,8,6,8,8,5,5,4,5,6,8,7,5,3,9,0
113,9,-9999,7,5,9,8,6,5,4,5,7,8,8,6,4,9,0
114,4,5,4,3,3,6,6,5,1,4,6,7,5,1,3,5,1
115,-9999,-9999,4,1,2,4,5,1,-9999,1,1,1,3,1,1,1,0
116,2,3,4,4,6,7,1,5,2,1,1,1,5,1,2,5,1
117,2,2,3,3,6,6,5,2,3,1,2,1,6,1,2,2,0
118,9,8,9,7,9,9,-9999,-9999,7,5,9,9,9,6,4,-9999,0
119,3,7,8,6,8,6,-9999,-9999,5,5,6,6,7,5,4,-9999,0
120,5,3,3,4,8,7,5,3,3,6,7,8,3,4,3,9,0
121,9,10,9,7,9,7,-9999,-9999,6,5,8,9,9,4,4,-9999,0
122,8,7,9,8,6,8,-9999,-9999,7,4,6,5,5,6,5,-9999,0
123,4,4,4,3,4,7,5,3,2,4,5,6,6,2,2,6,0
124,5,3,6,5,6,7,4,5,4,5,7,8,8,3,3,6,0
125,5,2,5,4,6,4,-9999,-9999,5,4,5,6,6,2,2,-9999,0
126,5,7,4,5,7,7,4,3,4,5,8,7,4,3,3,9,0
127,2,2,6,5,3,9,5,5,7,4,7,7,8,6,5,5,0
128,3,3,3,-9999,4,5,3,4,1,3,4,4,4,1,3,1,1
129,1,1,1,1,1,1,1,1,1,1,1,1,-9999,-9999,-9999,-9999,0
130,3,3,7,7,6,6,5,5,5,6,9,9,8,3,2,9,0
131,5,3,5,6,5,6,6,5,5,6,8,7,7,2,2,9,0
132,5,6,6,5,7,9,4,2,4,5,6,7,2,5,6,6,0
133,3,4,4,-9999,4,5,4,4,2,1,3,3,2,1,2,1,0
134,2,1,2,-9999,1,5,3,4,2,1,3,2,2,1,1,1,0
135,5,4,9,7,7,4,-9999,-9999,6,4,9,7,9,4,3,-9999,0
136,7,8,4,4,2,9,4,3,3,6,8,8,8,2,2,2,0
137,5,5,7,6,8,9,5,5,5,5,7,7,5,5,5,9,0
138,6,6,7,5,5,7,6,5,3,3,6,6,7,4,4,9,0
139,5,6,6,3,5,9,6,5,4,5,7,8,7,2,4,9,0
140,5,4,6,4,5,9,3,5,4,3,4,5,6,4,4,9,0
141,5,3,6,3,3,4,3,4,3,4,5,6,4,3,4,5,0
142,5,8,7,6,9,9,5,5,5,7,9,9,6,6,6,8,0
143,6,4,6,5,9,9,5,5,5,6,8,9,3,5,6,9,0
144,5,4,6,5,4,7,3,5,5,5,4,6,2,4,6,8,0
145,6,4,6,5,8,8,3,5,6,4,7,7,9,4,4,8,0
146,9,5,9,6,6,5,-9999,-9999,5,5,8,7,2,3,4,-9999,0
147,3,3,6,4,6,6,3,1,3,2,4,4,2,5,4,8,1
148,4,4,6,6,8,8,-9999,-9999,7,6,9,9,5,5,2,-9999,0
149,3,3,5,3,3,5,5,5,3,3,4,6,3,4,2,3,0
150,3,7,4,4,6,2,3,3,3,4,6,6,5,4,2,1,0
151,6,7,7,6,8,8,-9999,-9999,5,5,7,7,9,2,2,-9999,0
152,5,3,3,-9999,-9999,4,4,4,3,2,3,4,1,1,3,1,1
153,6,-9999,7,4,4,3,5,5,4,5,7,8,3,3,6,1,0
154,-9999,-9999,-9999,-9999,-9999,-9999,-9999,-9999,-9999,-9999,-9999,-9999,-9999,-9999,-9999,-9999,0
155,7,5,1,3,2,8,5,4,2,4,6,6,4,3,6,5,0
156,5,5,7,7,9,9,5,4,4,5,8,9,7,5,5,8,0
157,4,2,4,3,5,6,4,5,2,1,2,2,3,1,2,7,1
158,3,3,5,5,6,8,4,3,6,3,5,4,6,7,3,4,0
159,7,6,1,4,3,8,4,4,4,3,6,5,6,3,4,1,0
160,6,6,4,5,4,5,5,4,4,3,3,5,9,3,6,1,0
161,6,4,5,3,4,3,4,3,4,5,6,8,4,3,4,1,0
162,5,2,7,6,9,5,-9999,-9999,6,5,7,7,6,4,3,-9999,0
163,2,2,3,3,4,5,5,5,4,4,8,8,3,5,4,5,0
164,3,3,2,3,2,7,3,1,3,5,7,7,2,5,4,5,0
165,5,5,4,2,2,9,4,3,2,5,6,8,3,3,5,7,0
166,5,5,3,3,2,7,5,3,2,4,5,6,2,4,4,1,0
167,4,5,4,5,5,5,6,4,4,3,4,6,7,1,2,1,0
168,8,7,5,6,4,6,5,5,6,7,9,9,6,4,3,8,0
169,3,5,7,3,5,7,4,4,5,6,6,6,6,5,5,2,0
170,4,4,4,4,3,7,3,3,4,5,8,7,8,3,2,1,0
171,3,5,6,4,4,7,2,2,4,4,5,5,6,2,4,1,1
172,5,4,5,5,3,7,1,3,3,4,6,6,7,2,3,1,0
173,7,5,6,4,2,5,4,4,4,6,8,9,9,2,3,3,0
174,3,2,5,4,4,5,4,4,3,2,4,4,5,1,1,7,0
175,5,4,6,6,3,2,-9999,-9999,3,-9999,-9999,-9999,1,3,3,-9999,0
176,8,10,8,7,6,5,-9999,-9999,7,6,9,9,9,6,5,-9999,0
177,6,2,5,3,4,4,5,5,5,2,3,3,6,4,4,8,0
178,3,5,4,4,3,5,6,4,2,2,3,4,6,2,3,2,0
179,2,3,5,4,4,9,5,4,4,3,4,6,7,5,4,8,0
180,1,3,5,4,3,9,5,5,4,3,4,5,3,4,3,7,0
181,5,5,8,5,6,4,-9999,-9999,6,7,8,9,9,7,4,-9999,0
182,4,4,4,3,4,7,5,5,2,4,4,6,7,4,3,8,1
183,3,5,3,3,6,6,6,5,2,4,6,6,7,4,2,7,0
184,9,10,7,7,7,7,4,3,6,6,9,9,4,3,4,7,0
185,8,7,9,6,7,9,6,5,5,3,7,6,5,6,4,6,0
186,8,4,9,7,9,8,-9999,-9999,7,6,9,9,9,6,7,-9999,0
187,9,10,9,7,6,9,4,5,5,-9999,-9999,-9999,8,7,5,8,0
188,2,2,7,2,2,7,5,5,3,6,5,6,6,3,4,5,0
189,5,2,8,2,2,7,5,4,2,5,7,7,6,4,4,6,0
190,8,9,9,8,8,8,6,5,6,6,8,9,9,4,5,9,0
191,8,6,9,7,6,9,6,5,7,7,9,9,9,5,4,9,0
192,6,3,5,5,6,4,4,4,3,6,7,7,8,4,2,9,0
193,5,7,7,7,5,9,6,5,5,8,8,8,8,5,5,9,0
194,8,9,8,8,9,7,-9999,-9999,7,6,9,9,9,6,4,-9999,0
195,3,2,3,-9999,2,1,6,4,2,1,3,1,1,1,1,1,0
196,3,2,4,5,6,8,4,3,3,4,4,4,6,3,2,6,0
197,7,4,6,5,6,7,-9999,-9999,3,4,7,7,6,6,5,-9999,0
198,6,3,7,6,9,7,5,5,4,5,7,8,9,4,5,9,0
199,-9999,-9999,-9999,-9999,-9999,-9999,-9999,-9999,-9999,-9999,-9999,-9999,-9999,-9999,-9999,-9999,0
200,5,6,4,5,5,6,-9999,-9999,5,5,8,8,6,4,3,-9999,0
201,3,4,9,3,3,7,4,5,5,4,6,7,2,3,5,7,0
202,5,4,5,4,2,4,3,3,3,4,3,4,3,3,1,4,0
203,5,8,4,7,7,7,5,5,4,5,6,6,6,4,6,9,0
204,1,4,2,2,4,8,4,2,3,5,7,8,5,4,2,4,0
205,9,10,5,5,6,5,5,5,4,5,7,7,9,5,3,9,0
206,9,10,5,5,6,7,5,5,4,3,2,4,9,3,2,9,0
207,5,5,4,4,3,7,5,4,3,2,4,5,2,3,4,1,0
208,3,1,4,1,5,7,6,3,3,2,2,2,6,1,3,8,0
209,9,10,6,6,7,7,5,5,4,4,4,4,2,5,4,8,0
210,6,4,5,4,4,5,4,1,3,2,1,2,2,1,2,1,0
211,2,4,7,5,7,7,4,3,4,3,7,7,6,4,7,8,0
212,3,2,4,1,4,6,5,3,2,2,6,3,6,2,2,5,0
213,4,2,4,3,4,1,5,5,3,2,4,5,7,2,1,1,0
214,3,3,6,5,5,7,5,5,6,3,4,6,9,4,2,8,0
215,8,9,8,7,-9999,7,-9999,-9999,6,5,8,7,-9999,6,4,-9999,0
216,7,6,7,5,8,6,-9999,-9999,5,5,8,8,9,6,5,-9999,0
217,7,6,7,7,7,1,-9999,-9999,5,6,7,7,8,4,5,-9999,0
218,5,2,6,5,5,8,-9999,-9999,5,6,8,9,9,3,2,-9999,0
219,7,6,9,8,5,9,-9999,-9999,7,5,6,7,5,7,5,-9999,0
220,9,8,9,8,9,7,-9999,-9999,7,6,9,9,9,7,5,-9999,0
221,4,5,5,3,7,7,-9999,-9999,4,5,8,7,5,6,4,-9999,0
222,5,2,9,8,6,9,-9999,-9999,6,5,7,8,8,7,4,-9999,0
223,4,5,8,6,5,8,4,3,6,6,7,8,6,3,3,4,0
224,5,3,9,5,6,7,-9999,-9999,5,4,5,5,9,5,3,-9999,0
225,4,4,8,5,4,4,-9999,-9999,5,4,6,6,7,5,3,-9999,0
226,6,6,9,7,9,8,-9999,-9999,7,5,5,7,8,5,5,-9999,0
227,5,3,9,6,9,1,-9999,-9999,7,5,7,7,8,4,2,-9999,0
228,7,10,9,8,9,9,-9999,-9999,6,5,7,8,9,4,4,-9999,0
229,5,3,6,6,9,3,-9999,-9999,7,4,5,5,6,4,3,-9999,0
230,5,5,9,6,7,2,-9999,-9999,6,4,6,7,9,3,3,-9999,0
231,2,3,3,3,3,9,5,4,4,3,5,5,2,1,1,8,0
232,2,3,3,5,3,5,-9999,-9999,5,4,7,6,8,2,3,-9999,0
233,7,4,8,4,4,7,-9999,-9999,5,4,5,6,5,5,3,-9999,0
234,7,5,6,5,8,-9999,4,4,5,5,6,7,9,6,4,5,0
235,6,4,5,4,4,9,4,2,3,2,4,3,2,4,4,6,0
236,5,1,4,4,4,8,6,4,4,3,6,6,2,3,4,7,0
237,4,4,6,4,6,9,-9999,-9999,4,5,7,8,5,4,3,-9999,0
238,5,6,4,4,4,6,-9999,-9999,4,4,5,6,8,3,3,-9999,0
239,5,4,6,6,5,9,6,5,5,2,2,2,6,4,3,9,0
240,4,4,5,5,6,9,6,5,5,2,2,3,7,2,3,8,0
241,8,4,7,5,3,6,4,4,4,3,5,7,5,3,4,7,0
242,9,6,6,3,5,6,5,3,3,3,4,4,5,3,5,7,0
243,8,6,6,5,5,9,3,4,3,4,7,8,3,4,4,9,0
244,9,7,4,4,4,7,4,3,3,3,4,3,6,5,4,9,0
245,6,9,9,8,7,1,-9999,-9999,7,5,8,8,9,4,1,-9999,0
246,-9999,5,6,4,4,9,5,4,3,4,6,6,8,3,2,5,0
247,1,5,6,4,4,7,5,5,3,5,8,7,8,3,2,6,0
248,2,4,5,3,1,7,5,4,2,5,8,8,1,5,3,7,0
249,5,4,5,4,2,7,3,1,3,3,6,7,1,3,4,7,1
250,4,5,9,7,3,2,-9999,-9999,7,4,6,7,3,4,4,-9999,0
251,4,6,8,6,7,4,5,4,4,4,4,4,9,2,5,7,0
252,6,5,5,4,8,9,4,5,5,6,9,8,4,4,4,9,0
253,-9999,-9999,7,7,9,9,-9999,-9999,5,6,9,9,9,3,3,-9999,0
254,1,3,2,3,4,4,5,5,2,2,6,5,7,3,2,2,1
255,3,9,6,6,8,7,-9999,-9999,5,5,8,9,5,3,3,-9999,0
256,9,5,9,6,6,7,4,3,5,4,4,5,4,5,3,9,0
257,7,6,8,6,7,5,4,2,6,5,7,7,3,3,4,9,0
258,8,10,7,5,6,5,-9999,-9999,5,5,7,9,6,5,6,-9999,0
259,2,4,4,3,2,7,5,4,3,2,5,7,5,3,2,6,0
260,2,5,4,3,2,6,5,5,3,3,6,5,7,3,2,8,0
261,3,3,5,4,2,6,5,5,3,2,5,5,7,3,2,7,0
262,2,5,6,4,3,8,-9999,-9999,5,7,9,9,6,5,3,-9999,0
263,6,6,3,4,4,7,2,3,4,3,4,4,3,3,4,9,0
264,6,4,4,3,4,5,6,4,4,3,4,3,2,5,4,8,1
265,8,4,4,4,4,5,5,3,4,3,4,4,4,3,4,8,1
266,7,6,5,4,4,6,5,3,5,4,6,7,7,5,2,9,0
267,5,4,3,1,5,8,5,5,4,2,4,6,6,3,3,9,0
268,5,6,5,3,4,8,4,5,4,5,7,8,3,4,4,8,0
269,2,3,7,5,4,8,5,5,4,5,7,8,4,4,5,8,1
270,5,4,5,5,4,9,1,1,5,4,6,6,1,4,4,7,1
271,7,7,5,4,5,9,4,3,5,5,8,9,1,4,5,7,0
272,-9999,-9999,-9999,5,7,-9999,4,4,4,4,5,6,5,5,4,7,0
273,2,6,3,2,3,8,5,4,3,3,4,3,6,2,2,7,0
274,3,5,3,3,2,8,3,4,3,3,3,3,6,2,3,6,0
275,6,5,5,7,6,8,4,4,5,4,6,6,6,7,5,9,0
276,3,8,8,7,6,7,4,5,6,4,7,6,7,7,4,8,0
277,1,5,9,3,6,7,4,4,5,5,7,6,7,5,4,6,0
278,5,6,7,5,7,4,-9999,-9999,7,5,6,6,5,4,1,-9999,0
279,8,4,4,4,2,4,3,3,3,3,3,3,1,2,3,5,1
280,6,4,4,2,2,2,3,2,2,2,1,2,3,2,1,4,1
281,5,6,3,2,3,2,4,5,2,2,3,2,4,1,1,4,0
282,3,5,7,4,5,7,5,5,4,5,7,7,8,4,4,9,0
283,4,6,5,4,4,7,5,4,4,3,4,4,2,4,4,8,0
284,-9999,-9999,4,4,5,9,5,1,3,4,6,6,1,3,3,9,0
285,7,5,4,2,2,6,3,3,3,5,7,7,5,3,6,4,0
286,6,8,3,4,2,5,4,5,2,4,6,5,3,2,5,4,0
287,5,8,3,2,2,5,6,5,3,4,6,6,6,1,6,1,0
288,3,4,4,2,5,7,4,2,2,2,3,4,6,1,1,9,1
289,2,5,5,3,4,6,2,3,1,2,4,4,4,2,3,9,1
290,2,2,5,2,5,9,6,5,2,2,5,6,2,1,3,9,1
291,8,8,7,6,6,9,6,3,4,6,8,9,7,5,4,9,0
292,3,3,1,-9999,2,4,2,1,2,-9999,-9999,-9999,3,3,3,1,0
293,3,5,4,5,4,9,6,5,4,4,6,6,8,3,3,3,0
294,3,6,4,5,4,8,6,5,5,4,4,6,9,3,3,3,0
295,4,4,6,4,4,9,2,3,5,3,5,6,5,5,3,9,0
296,4,3,4,4,5,9,5,4,4,3,6,4,7,1,3,9,0
297,6,6,8,8,8,7,3,3,7,4,7,6,7,3,4,8,0
298,5,6,4,5,6,9,5,4,4,5,7,5,8,7,5,9,0
299,5,5,3,-9999,4,8,5,3,4,6,7,8,4,7,3,9,1
300,6,5,4,3,3,9,5,5,4,6,8,7,4,7,3,9,0
301,5,4,4,3,3,9,4,3,4,6,8,8,3,6,4,9,1
302,3,4,7,2,3,7,6,4,-9999,5,8,7,3,3,1,9,0
303,3,3,5,3,3,8,6,5,4,5,8,9,5,3,1,8,0
304,9,7,6,4,7,9,5,5,3,6,9,9,4,6,3,9,0
305,6,4,5,2,3,2,3,2,4,4,6,7,5,5,4,7,0
306,3,2,8,5,7,4,5,5,6,4,7,7,6,4,4,7,0
307,3,3,7,4,4,9,2,3,4,3,6,7,5,5,4,8,0
308,3,5,6,4,4,5,4,2,4,5,7,7,2,2,4,8,0
309,3,5,4,5,3,7,4,3,4,3,4,5,3,3,4,8,0
310,6,4,3,-9999,3,4,4,2,3,3,4,6,1,1,2,1,0
311,4,1,3,1,4,9,4,2,2,-9999,-9999,-9999,1,2,2,2,1
312,4,3,3,2,2,2,1,1,3,1,3,3,1,1,2,1,1
313,4,2,4,1,2,4,6,5,2,2,3,4,6,1,1,8,0
314,1,2,2,3,3,5,3,4,2,2,3,4,5,1,1,8,0
315,5,2,2,2,2,5,4,3,2,2,3,3,5,1,1,7,0
316,5,5,5,5,4,7,3,4,5,3,6,6,1,3,6,8,0
317,4,3,6,6,4,9,5,3,5,4,7,7,5,3,5,7,0
318,6,4,4,4,3,5,5,5,4,3,4,5,2,4,6,7,0
319,8,5,4,4,4,5,5,4,4,4,6,6,6,2,2,1,0
320,7,5,6,8,5,9,5,2,6,7,9,9,9,5,4,9,0
321,2,2,5,4,4,6,4,4,3,1,3,3,3,3,2,7,1
322,3,3,3,3,-9999,7,1,3,2,1,2,1,3,3,3,8,0
323,7,4,7,6,4,7,5,5,5,2,2,2,3,3,4,8,0
324,8,4,4,6,4,5,5,5,5,2,4,3,4,5,3,7,0
325,6,5,4,5,5,7,5,5,5,3,4,4,4,3,2,5,0
326,3,6,7,5,7,5,-9999,-9999,3,5,8,7,6,5,4,-9999,0
327,3,2,4,1,3,5,3,2,4,3,5,4,3,1,2,3,1
328,3,6,6,3,5,7,5,5,3,-9999,-9999,-9999,5,4,3,5,0
329,6,6,7,4,4,5,5,5,2,4,6,7,6,4,2,6,0
330,9,7,7,4,6,7,3,3,5,5,8,9,8,3,6,6,0
331,-9999,-9999,1,2,4,3,3,5,-9999,4,5,7,4,5,2,2,0
332,-9999,-9999,5,3,3,7,5,1,2,3,3,4,4,5,3,7,0
333,-9999,-9999,4,4,3,7,1,4,3,-9999,-9999,-9999,2,5,2,8,0
334,5,-9999,5,3,3,9,5,4,3,3,4,5,3,5,2,8,0
335,5,4,4,2,3,4,4,4,4,5,6,6,2,3,4,7,0
336,6,4,3,2,3,4,4,4,3,2,3,3,6,1,2,5,0
337,5,3,5,-9999,3,8,4,1,2,2,3,1,2,3,4,8,0
338,5,5,5,3,4,8,6,5,4,4,6,7,6,3,2,9,0
339,7,7,4,3,3,9,6,5,3,4,6,4,6,4,4,9,0
340,1,4,4,3,2,-9999,5,4,2,6,8,8,8,2,2,1,1
341,6,3,-9999,-9999,-9999,3,2,1,-9999,2,4,3,-9999,1,4,2,0
342,5,1,-9999,-9999,-9999,6,3,1,-9999,1,2,3,-9999,1,4,1,1
343,6,10,7,6,5,7,4,4,5,-9999,-9999,-9999,6,4,4,7,0
344,7,7,6,6,6,7,4,3,-9999,4,3,6,9,4,4,9,0
345,6,8,6,6,6,9,6,5,6,4,4,5,9,5,4,9,0
346,9,10,7,7,9,8,-9999,-9999,6,6,9,9,9,6,6,-9999,0
347,6,8,5,5,5,6,5,5,3,2,4,3,5,3,3,8,1
348,9,4,6,4,4,7,6,5,2,3,5,3,2,2,2,8,1
349,5,5,6,4,5,7,5,3,5,5,8,8,4,3,4,9,0
350,6,5,8,4,4,6,2,3,4,4,4,7,6,4,2,8,0
351,5,2,7,5,6,7,5,5,4,5,7,7,8,2,2,6,0
352,5,5,3,5,6,7,4,4,4,6,8,9,4,5,5,8,0
353,6,4,5,4,6,7,4,5,4,4,7,7,7,6,3,8,0
354,3,3,5,3,6,6,4,4,4,4,5,8,3,5,4,9,0
355,5,7,7,6,4,7,5,5,3,4,6,4,6,3,3,7,0
356,6,5,5,5,4,5,5,5,3,4,6,6,6,4,3,7,0
357,9,7,7,5,5,9,6,5,4,5,7,7,8,4,4,9,0
358,6,7,4,5,7,7,3,3,-9999,6,8,9,5,3,5,8,0
359,4,2,5,5,7,9,-9999,-9999,6,5,6,7,8,5,3,-9999,0
360,9,7,8,6,7,7,-9999,-9999,6,6,8,9,8,5,5,-9999,0
361,3,2,8,4,5,5,-9999,-9999,6,5,8,7,9,6,2,-9999,0
362,7,5,9,8,6,9,-9999,-9999,7,6,7,8,7,6,4,-9999,0
363,9,9,5,6,8,8,-9999,-9999,6,6,8,8,8,5,3,-9999,0
364,2,4,5,4,6,6,4,2,2,5,7,6,5,4,3,5,0
365,4,4,3,4,5,7,5,5,3,4,7,7,5,2,2,5,0
366,3,5,6,4,5,8,6,5,3,5,7,7,9,3,3,9,0
367,3,7,6,4,4,8,6,5,3,4,6,6,9,2,3,9,0
368,3,1,5,2,4,5,2,2,4,2,4,4,4,3,3,7,0
369,8,9,7,6,7,8,4,3,4,5,7,8,9,5,3,9,0
370,5,3,6,6,9,7,5,5,6,2,4,4,8,4,4,2,0
371,4,3,7,5,6,6,6,4,4,3,2,3,1,1,3,8,0
372,5,3,5,3,4,7,2,1,4,3,5,6,3,1,2,6,0
373,3,5,4,3,4,9,2,1,3,4,6,6,3,1,1,5,0
374,8,7,5,3,6,8,4,3,3,6,8,8,3,3,2,9,0
375,1,2,6,5,4,9,3,2,5,5,7,8,5,5,3,9,0
376,3,4,5,5,4,9,4,3,4,5,7,8,2,4,3,9,0
377,5,8,5,4,2,7,4,4,3,5,6,6,4,4,5,8,1
378,6,4,6,5,5,7,6,5,3,6,7,8,6,4,2,9,0
379,5,3,6,4,4,7,4,3,5,5,8,8,6,2,4,2,0
380,2,2,4,4,3,7,4,5,3,3,4,4,1,2,2,5,0
381,3,6,5,5,7,6,4,1,5,7,9,9,4,2,1,7,0
382,5,6,7,5,4,8,4,2,4,4,7,7,5,4,4,5,0
383,9,6,7,4,3,7,4,4,4,5,7,7,6,3,4,7,0
384,5,3,6,5,3,9,3,4,-9999,2,4,4,2,3,4,2,1
385,3,4,7,6,4,7,2,2,4,3,5,4,3,2,4,4,0
386,9,10,6,5,9,9,4,3,7,5,7,7,9,4,4,9,1
387,5,9,3,1,3,8,5,5,2,5,8,9,6,4,3,9,0
388,5,5,3,2,2,9,5,5,2,5,9,9,7,4,4,9,0
389,7,6,5,6,6,9,5,4,4,3,6,6,7,3,3,6,0
390,5,6,5,6,7,7,5,5,4,3,4,6,5,3,4,6,0
391,3,5,6,5,8,9,5,4,3,4,6,6,5,4,5,5,0
392,6,6,4,4,6,7,4,4,3,3,4,4,1,3,3,6,1
393,8,6,6,4,4,5,4,4,3,3,4,4,3,3,4,7,1
394,9,6,6,6,1,4,5,3,3,3,6,6,3,5,4,5,0
395,8,7,5,5,2,4,6,5,3,5,7,8,4,4,3,7,0
396,9,10,5,5,3,9,6,4,3,5,7,7,6,2,6,8,0
397,7,4,4,6,2,5,4,-9999,2,3,4,5,3,2,2,5,0
398,6,4,4,3,3,5,4,3,2,4,5,5,4,1,3,8,1
399,9,8,7,5,6,6,5,5,5,4,6,4,7,2,4,9,0
400,8,6,6,5,7,8,5,5,4,4,6,6,6,3,4,8,0
401,6,5,5,3,4,8,4,5,2,3,4,5,6,2,3,3,0
402,5,4,3,3,5,7,6,5,3,5,7,8,8,3,2,9,1
403,7,7,4,3,4,9,4,5,3,5,6,7,8,4,1,9,1
404,3,2,3,3,4,7,4,4,3,3,4,4,2,3,2,8,0
405,-9999,7,4,4,4,9,5,5,4,3,6,6,3,2,3,8,0
406,5,4,4,3,4,7,4,4,2,6,8,8,6,3,3,9,0
407,7,4,5,4,3,7,5,5,5,7,8,9,6,4,3,9,0
408,5,3,7,6,6,5,4,4,7,5,6,6,9,5,4,9,0
409,3,2,6,6,5,7,5,4,5,5,7,6,8,4,5,8,0
410,3,3,5,6,6,7,4,5,5,4,6,5,8,5,6,8,0
411,3,2,4,4,4,9,3,2,5,6,7,8,3,4,2,8,0
412,8,7,3,4,3,9,6,5,3,5,7,7,8,3,5,9,0
413,8,7,3,4,3,9,6,5,4,4,7,7,7,2,4,9,0
414,7,6,8,5,6,9,6,5,4,6,9,8,6,4,3,9,1
415,4,5,8,6,6,9,6,5,5,6,9,8,6,4,3,9,1
416,6,6,8,5,5,7,6,5,5,5,8,8,6,3,2,9,1
417,-9999,-9999,2,3,6,7,4,2,3,3,4,3,1,2,2,8,0
418,5,3,8,6,6,5,5,5,4,3,5,5,6,3,3,7,0
419,5,6,7,5,5,6,4,5,4,3,6,6,3,3,2,7,1
420,5,1,8,6,7,8,6,5,4,7,9,9,8,4,6,9,0
421,6,4,6,3,4,7,6,5,4,2,2,2,3,3,3,7,0
422,8,10,8,7,7,4,5,5,4,3,3,5,8,3,3,8,0
423,8,7,7,8,6,6,5,5,4,3,4,5,6,2,3,7,0
424,6,6,8,4,5,7,6,5,4,5,6,7,5,4,5,5,0
425,6,3,8,4,4,5,5,4,4,4,7,6,3,2,3,8,0
426,3,4,3,3,2,5,5,5,2,3,4,4,1,1,3,1,0
427,2,3,6,3,3,7,3,3,2,4,9,9,8,5,1,7,0
428,5,2,5,3,2,8,2,2,3,3,6,7,6,4,1,9,0
429,4,3,5,6,7,7,5,3,5,4,5,6,7,4,2,8,0
430,9,5,5,3,5,9,6,5,3,6,8,8,6,5,4,9,0
431,1,1,5,4,4,4,5,5,3,5,7,7,6,4,3,2,1
432,3,1,3,-9999,1,1,4,4,1,3,4,4,1,2,1,1,0
433,3,2,6,1,3,5,5,5,2,4,6,6,4,3,4,8,0
434,4,4,4,3,4,7,2,4,4,4,6,4,4,6,6,7,0
435,3,4,6,3,7,7,5,4,4,3,5,4,3,5,4,7,0
436,5,3,2,4,6,5,5,4,4,3,4,7,5,4,4,4,0
437,5,5,6,5,8,7,-9999,-9999,5,5,8,8,6,6,4,-9999,0
438,3,4,6,4,3,2,4,4,5,4,7,7,6,6,1,6,0
439,5,4,5,5,7,9,6,5,4,6,9,9,4,3,4,9,0
440,6,5,5,5,6,8,6,5,4,5,7,8,2,3,2,9,0
441,4,4,3,2,4,-9999,2,2,2,5,7,8,5,2,1,3,0
442,3,2,6,3,1,8,5,3,4,3,4,4,6,4,4,7,0
443,3,2,6,3,3,8,5,4,4,4,4,4,5,4,4,5,1
444,6,5,5,4,4,7,3,2,2,5,4,7,2,4,4,3,0
445,4,4,4,5,4,9,5,5,3,4,6,8,8,3,4,5,1
446,4,7,5,4,4,4,5,4,3,5,7,7,4,4,3,9,1
447,6,5,6,5,5,7,5,5,5,6,7,8,7,5,4,9,0
448,7,5,8,6,4,6,4,4,7,5,6,6,6,4,4,9,0
449,3,5,5,4,5,6,5,4,2,5,7,7,5,4,2,9,0
450,4,4,6,4,8,8,5,5,3,6,9,8,9,5,4,9,0
451,4,5,7,6,5,7,5,3,4,7,9,9,9,7,4,8,0
452,6,2,8,7,5,8,4,4,5,4,6,6,8,6,6,8,0
453,5,7,6,5,4,8,5,4,4,4,5,7,8,2,3,8,0
454,5,6,6,5,5,9,5,3,4,5,8,8,9,5,4,9,0
455,6,3,5,5,5,7,6,5,5,6,8,9,7,7,4,9,0
456,7,8,5,5,3,7,5,4,3,6,7,8,8,4,4,8,0
457,6,4,4,4,4,9,3,3,3,4,4,7,6,5,4,7,1
458,6,7,7,5,5,8,4,4,6,6,9,9,9,5,4,9,0
459,4,1,6,6,5,9,4,5,5,4,6,6,8,4,2,7,0
460,1,4,5,5,7,7,5,5,5,4,4,4,8,3,4,7,0
461,5,7,9,7,6,7,5,5,6,6,9,9,5,5,4,9,0
462,4,5,4,3,4,9,5,4,2,6,9,9,8,5,4,9,0
463,6,7,7,5,6,7,5,5,5,-9999,-9999,-9999,6,3,4,8,0
464,3,-9999,-9999,-9999,4,6,5,5,5,4,1,6,7,3,2,9,0
465,3,5,4,5,5,7,4,3,4,5,8,9,5,4,4,9,0
466,3,5,4,3,2,7,3,1,3,5,7,9,2,3,4,5,0
467,6,6,8,6,5,7,5,3,5,7,9,9,7,4,3,9,0
468,5,4,6,5,4,8,5,4,5,5,8,8,8,5,2,3,0
469,2,2,4,3,4,7,5,5,4,3,2,1,5,1,2,6,0
470,2,3,3,-9999,-9999,7,5,2,3,3,4,4,6,2,1,4,0
471,4,8,6,7,5,7,6,5,3,5,8,8,9,6,3,7,0
472,3,3,6,4,8,7,4,4,6,7,9,9,8,5,5,8,0
473,5,6,9,7,4,7,6,5,6,7,8,9,9,6,4,9,0
474,5,7,8,7,4,7,6,5,6,7,9,8,9,5,4,9,0
475,5,4,7,6,3,9,6,5,5,6,7,8,9,5,4,8,0
476,3,5,9,6,4,8,6,5,5,6,7,8,7,5,4,9,0
477,6,7,6,5,-9999,7,5,5,-9999,7,7,8,4,5,5,9,0
478,4,4,7,4,5,7,5,3,6,6,7,8,5,3,4,5,0
479,3,5,5,4,2,4,5,4,3,3,5,5,4,4,3,6,0
480,3,4,4,4,3,2,2,3,2,3,4,5,5,4,3,5,0
481,2,5,4,3,2,2,5,3,2,3,4,4,4,3,4,5,0
482,8,8,8,8,5,7,-9999,-9999,7,6,9,9,9,7,4,-9999,0
483,8,8,6,7,5,8,5,5,5,6,9,9,9,6,4,7,0
484,5,5,5,4,6,9,2,3,4,7,9,9,9,5,4,9,0
485,9,5,8,6,6,9,5,4,6,5,6,7,8,7,3,8,0
486,3,2,7,5,4,3,4,3,7,6,8,9,8,6,4,8,0
487,6,2,9,6,6,4,2,1,7,5,7,7,6,6,3,6,0
488,9,7,6,7,8,6,5,5,6,7,9,9,9,6,4,9,0
489,5,7,6,5,5,8,3,3,5,6,9,8,8,5,3,9,0
490,9,9,7,6,4,6,4,4,4,5,7,6,9,6,5,7,0
491,3,5,9,5,3,4,-9999,-9999,6,5,8,8,5,5,4,-9999,0
492,4,4,7,4,5,9,5,5,4,5,6,7,3,7,3,8,0
493,4,4,8,7,7,7,-9999,-9999,7,5,8,8,7,4,3,-9999,0
494,-9999,-9999,7,4,6,4,-9999,-9999,-9999,6,8,9,5,5,3,-9999,0
495,7,7,6,5,4,9,5,5,4,4,6,6,7,3,4,8,0
496,2,4,7,4,5,8,5,5,6,5,7,7,6,5,4,9,0
497,7,4,9,5,3,3,5,4,5,5,8,9,6,4,3,7,0
498,6,2,9,7,6,9,5,4,7,5,8,8,6,6,3,8,0
499,5,4,5,6,4,6,5,5,6,6,9,8,7,7,3,8,0
500,7,9,5,6,6,7,5,4,4,7,9,9,6,5,3,9,0
501,3,3,7,6,7,7,4,4,5,5,7,8,2,5,2,5,0
502,9,9,7,6,4,9,6,5,3,5,8,8,3,5,4,9,1
503,7,7,6,5,-9999,9,6,4,-9999,5,7,7,8,5,3,8,1
504,4,6,6,4,5,7,5,5,7,6,9,8,9,4,3,9,0
505,7,7,4,4,5,9,-9999,-9999,5,7,8,9,9,6,4,-9999,0
506,6,4,5,5,5,7,4,4,4,7,9,9,6,6,5,8,0
507,6,5,7,6,5,9,5,3,6,6,8,9,6,5,5,8,0
508,3,3,5,3,3,6,6,5,3,5,6,7,3,4,2,6,0
509,3,4,5,4,3,7,5,5,3,5,6,7,1,6,3,8,0
510,3,1,4,2,3,5,5,5,4,4,5,6,1,5,2,4,0
511,3,3,8,6,3,9,3,5,6,5,7,8,3,5,5,8,0
512,6,6,7,5,3,7,5,4,7,5,6,8,6,5,5,9,0
513,6,6,5,5,4,7,6,5,3,7,8,9,7,3,2,9,0
514,5,6,5,5,4,7,3,3,2,6,9,9,6,3,2,9,0
515,5,7,6,5,5,7,3,3,3,7,9,9,6,3,3,9,0
516,8,9,6,6,8,7,5,5,4,5,9,8,5,2,3,9,1
517,7,10,6,5,7,8,5,5,4,4,6,7,6,2,3,8,1
518,3,2,9,7,9,9,5,5,4,6,8,9,7,7,5,9,0
519,4,3,6,4,5,7,4,5,4,5,7,8,6,3,4,9,0
520,6,5,8,3,5,7,-9999,-9999,6,5,8,8,9,5,3,-9999,0
521,6,6,7,6,7,7,-9999,-9999,7,5,8,6,9,6,4,-9999,0
522,5,7,9,5,6,6,5,4,5,6,9,9,9,5,4,8,0
523,8,10,7,7,6,8,-9999,-9999,7,7,9,9,7,7,5,-9999,0
524,5,3,7,6,6,8,-9999,-9999,6,6,9,8,9,6,3,-9999,0
525,4,6,4,4,4,9,5,4,4,7,9,9,7,7,5,9,0
526,4,2,7,-9999,2,5,2,1,3,3,3,4,2,1,1,3,0
527,9,9,6,7,7,6,5,4,6,6,9,9,8,5,4,5,0
528,7,7,5,4,8,7,4,4,4,6,9,9,8,4,4,9,0
529,4,8,5,5,4,9,5,5,-9999,7,9,8,8,4,4,7,0
530,3,5,6,4,4,9,6,5,3,3,5,4,4,4,3,6,0
531,3,6,5,5,6,8,5,4,3,-9999,-9999,-9999,5,3,4,5,0
532,6,4,7,7,5,9,5,5,6,6,6,7,8,7,6,8,0
533,7,8,9,8,8,7,6,5,5,7,9,9,9,7,4,9,0
534,5,6,5,5,5,6,5,4,5,5,6,7,8,2,3,3,0
535,2,3,4,4,3,2,5,4,4,4,7,7,6,4,2,1,0
536,8,4,4,4,5,7,5,5,5,5,6,6,8,5,4,9,0
537,5,4,7,4,4,8,5,5,4,5,7,7,6,4,3,5,1
538,3,-9999,4,5,-9999,8,-9999,-9999,-9999,-9999,-9999,-9999,6,-9999,-9999,-9999,0
539,7,4,5,5,4,6,5,5,4,6,7,7,8,4,1,1,0
540,7,6,6,5,5,9,5,5,5,5,7,8,7,3,3,3,0
541,-9999,-9999,-9999,-9999,-9999,-9999,-9999,-9999,-9999,-9999,-9999,-9999,-9999,-9999,-9999,-9999,0
542,5,4,3,3,-9999,8,4,4,4,2,-9999,-9999,3,3,5,5,0
543,7,7,-9999,-9999,3,7,-9999,-9999,3,5,6,8,8,-9999,-9999,-9999,0
544,3,3,6,4,6,7,5,4,4,4,5,6,8,1,4,3,0
545,3,4,4,3,5,4,5,5,4,4,4,4,9,3,3,1,0
546,2,3,5,3,4,6,6,5,4,4,6,6,8,2,5,2,0
547,5,8,8,6,9,9,5,5,5,4,7,7,9,5,3,9,0
548,2,4,5,4,7,6,5,5,4,4,7,8,7,2,2,8,0
549,3,3,3,4,4,7,3,2,4,6,8,9,7,4,2,9,0
550,5,4,4,4,3,5,3,4,3,6,7,7,8,4,2,8,0
551,5,4,7,5,8,9,5,5,4,7,9,8,9,4,4,9,1
552,3,4,5,4,5,9,5,5,4,4,7,6,6,4,4,9,0
553,2,3,3,3,7,8,4,5,2,5,7,8,5,2,3,3,0
554,3,5,4,3,6,7,5,4,2,5,6,8,6,2,2,5,0
555,6,3,8,5,4,5,-9999,-9999,5,6,9,7,9,6,3,-9999,0
556,2,3,6,5,8,7,-9999,-9999,5,5,8,8,7,5,3,-9999,0
557,9,8,6,6,7,8,5,4,7,6,9,8,9,5,2,7,0
558,7,6,8,6,6,7,5,3,7,8,9,9,8,7,5,8,0
559,8,7,7,5,5,7,4,5,6,8,9,9,8,6,6,8,1
560,3,4,6,4,5,8,5,5,3,7,9,9,8,3,3,9,1
561,2,8,8,7,6,7,5,5,3,6,9,9,7,3,4,9,0
562,9,7,9,6,4,7,2,3,7,6,8,8,7,5,6,5,0
563,3,5,4,3,4,7,5,5,4,6,8,9,3,4,2,8,0
564,7,8,7,6,3,9,5,4,4,6,8,7,8,7,4,8,0
565,4,3,5,5,3,9,6,5,5,7,8,9,9,6,4,9,0
566,4,4,5,5,4,7,6,5,5,7,9,9,6,5,4,9,0
567,4,5,6,5,4,8,5,5,5,7,9,9,7,6,4,9,0
568,8,8,8,8,5,8,5,5,5,7,9,9,8,6,6,7,0
569,8,6,5,5,6,9,5,5,4,7,9,8,1,4,3,9,0
570,6,7,9,5,8,7,5,4,6,5,7,7,6,4,4,9,0
571,3,4,5,-9999,5,9,5,5,5,6,7,7,6,6,4,9,0
572,6,6,6,5,9,7,5,5,5,6,8,8,6,6,4,8,0
573,4,7,4,5,6,5,5,4,5,5,9,9,8,4,3,5,0
574,5,4,4,4,6,9,5,5,3,6,8,9,7,2,3,9,0
575,6,6,4,5,7,7,5,5,4,5,6,7,5,5,1,8,0
576,8,8,9,7,6,9,5,4,5,4,5,5,8,6,7,8,0
577,8,6,9,6,5,9,5,4,5,5,6,7,6,6,5,9,0
578,6,4,5,5,4,8,4,4,6,5,6,7,9,4,2,9,0
579,5,5,6,6,6,9,5,5,4,4,6,7,7,5,2,8,0
580,4,5,6,4,4,4,5,4,5,5,8,7,5,4,1,8,1
581,3,6,6,5,6,8,5,4,3,7,9,9,3,5,3,8,0
582,6,7,5,5,7,7,6,5,6,7,9,8,8,5,5,9,0
583,8,5,6,6,8,8,4,5,6,6,9,9,8,5,4,7,0
584,4,6,5,6,6,5,5,4,7,7,9,9,8,6,4,7,0
585,9,10,3,4,6,9,6,5,2,7,9,9,9,6,4,9,0
586,5,5,7,6,6,6,5,4,3,7,9,9,7,4,4,9,0
587,3,4,6,4,7,7,5,4,5,5,6,6,6,3,4,8,0
588,6,5,9,6,3,9,4,5,4,5,7,7,7,4,3,9,0
589,8,5,7,4,4,5,-9999,-9999,6,5,6,8,5,4,3,-9999,0
590,8,7,5,7,4,8,4,4,4,6,9,9,6,5,4,6,0
591,3,4,8,5,3,9,5,5,7,7,9,9,7,5,6,9,0
592,2,5,7,5,3,9,6,5,7,7,9,9,8,4,3,7,0
593,6,7,6,6,5,9,5,5,4,7,9,9,9,5,4,9,0
594,8,4,6,7,6,9,5,5,5,6,9,9,9,6,5,8,0
595,8,8,3,4,5,7,5,5,-9999,3,3,4,7,5,4,9,0
596,6,5,8,7,7,2,5,5,6,6,9,9,6,4,2,9,0
597,4,6,7,6,7,7,5,5,7,7,9,9,9,5,2,8,0
598,4,8,6,-9999,6,7,4,5,5,8,9,9,6,3,6,7,0
599,5,6,6,5,5,8,4,4,6,8,9,9,6,3,6,5,0
600,5,6,9,4,5,8,5,3,4,6,8,8,7,4,4,5,1
601,9,9,9,7,7,9,6,5,6,8,9,9,9,7,4,9,0
602,8,4,9,5,7,7,5,5,4,7,9,9,8,4,3,8,0
603,3,4,5,3,5,9,5,5,4,5,8,8,6,3,4,3,0
604,4,5,5,3,4,9,4,2,4,6,8,8,6,3,3,3,0
605,3,4,6,4,2,6,4,3,4,5,8,8,3,3,3,6,0
606,3,2,6,5,5,4,5,4,5,4,6,6,3,3,1,2,0
607,2,2,6,5,4,5,4,5,5,4,5,7,5,5,2,5,0
608,-9999,-9999,4,4,6,7,-9999,-9999,6,4,6,8,5,5,3,8,0
609,1,4,7,5,4,7,5,3,4,6,8,8,5,4,3,1,0
610,7,7,8,5,6,5,5,5,5,3,6,4,9,4,2,7,0
611,-9999,6,7,6,5,8,5,3,5,7,9,9,8,7,6,9,0
612,5,4,5,6,7,9,4,5,5,7,9,9,9,6,6,8,0
613,4,4,4,3,5,7,5,5,3,6,7,9,8,4,5,3,0
614,5,4,8,7,8,5,-9999,4,7,6,8,9,7,6,6,5,0
615,3,3,9,6,7,7,6,5,6,5,8,8,8,6,6,8,0
616,5,3,7,6,5,4,-9999,-9999,5,6,9,8,7,5,4,-9999,0
617,1,3,8,6,6,9,5,5,5,7,9,9,7,5,3,9,0
618,3,5,6,6,6,7,4,5,5,4,5,6,8,5,2,7,0
619,7,5,3,6,7,7,5,5,5,5,8,8,6,2,4,2,0
620,7,8,7,6,6,7,5,3,4,4,7,6,7,3,5,1,0
621,6,6,6,5,3,9,5,5,5,7,9,9,8,4,3,9,0
622,5,5,4,3,4,8,5,5,4,7,9,9,8,6,4,8,0
623,-9999,2,6,5,9,6,5,5,5,6,8,8,6,5,5,8,0
624,5,5,8,6,6,9,5,5,6,5,6,7,3,6,7,9,0
625,3,6,7,6,4,8,5,3,6,4,5,6,4,4,2,9,1
626,4,2,3,3,1,4,2,3,-9999,4,6,6,3,2,1,4,0
627,3,2,2,-9999,-9999,6,5,3,2,5,6,6,4,2,1,2,0
628,3,2,3,3,-9999,1,5,2,3,4,5,6,3,2,1,2,1
629,7,7,7,5,8,9,6,5,5,-9999,-9999,-9999,9,5,5,-9999,0
630,3,5,8,4,2,8,5,5,7,7,8,8,9,7,3,7,0
631,4,6,6,5,7,9,-9999,-9999,5,6,7,8,6,4,4,-9999,0
632,3,3,8,5,5,7,4,2,4,4,7,7,5,5,5,7,0
633,6,4,5,5,5,9,6,5,5,4,8,7,6,4,3,9,0
634,1,4,6,4,3,9,6,5,5,5,7,7,3,2,1,5,0
635,6,6,6,5,8,8,4,3,6,7,9,9,6,6,3,7,0
636,2,1,3,4,2,4,5,4,2,4,7,8,3,1,3,1,1
637,3,-9999,9,6,-9999,5,4,4,3,3,6,6,7,4,5,3,0
638,6,3,4,4,2,7,4,4,-9999,6,8,7,2,5,4,8,0
639,4,3,5,4,4,5,6,5,6,7,8,9,5,4,2,5,0
640,5,8,5,5,5,7,5,4,-9999,7,9,9,7,5,3,9,0
641,8,2,4,-9999,4,2,4,5,3,5,5,5,2,3,6,7,0
642,1,1,4,2,3,1,5,3,2,5,6,8,5,2,1,1,0
643,6,5,8,6,9,9,6,5,4,5,8,7,6,7,4,9,0
644,7,7,5,3,3,8,4,4,3,3,3,4,5,4,5,4,1
645,7,2,5,4,4,5,5,3,3,2,2,3,4,2,5,1,1
646,3,3,6,3,2,7,3,1,5,6,9,9,9,6,3,8,0
647,2,4,4,4,4,4,4,5,3,4,4,6,4,2,1,5,0
648,2,3,4,3,4,4,4,2,3,4,5,6,2,3,1,4,0
649,7,9,9,6,4,9,5,5,6,6,9,9,8,6,2,5,0
650,2,3,4,4,-9999,-9999,5,4,-9999,-9999,-9999,-9999,4,5,3,7,0
651,4,4,6,5,7,7,4,5,4,5,8,8,6,5,3,5,0
652,3,2,8,5,6,-9999,4,4,5,4,6,6,4,5,2,4,0
653,2,4,5,4,2,6,5,1,4,6,8,9,8,3,2,8,0
654,4,6,7,6,2,7,5,5,4,5,7,8,5,2,3,1,0
655,5,5,7,6,2,3,3,4,4,5,8,8,5,4,3,1,0
656,5,2,5,5,3,4,5,2,4,3,4,4,4,4,2,6,0
657,6,8,6,6,6,8,5,5,5,3,6,5,8,3,1,4,0
658,5,7,6,5,5,6,4,5,5,5,6,6,8,4,3,4,0
659,4,2,3,4,3,5,-9999,-9999,5,4,8,8,3,3,3,-9999,1
660,6,3,3,-9999,3,8,4,4,2,4,7,6,3,1,3,5,0
661,4,5,6,6,2,5,-9999,-9999,6,6,8,9,8,5,4,-9999,0
662,8,7,7,4,4,4,4,4,4,4,7,8,3,3,2,1,0
663,3,2,3,3,4,7,4,4,2,4,6,7,6,5,1,1,0
664,6,4,6,6,6,6,4,4,6,3,5,5,6,6,4,8,0
665,5,4,7,4,5,7,4,4,3,4,7,6,6,3,3,2,0
666,3,4,7,4,4,4,-9999,-9999,1,4,6,5,6,4,4,-9999,0
667,3,3,6,4,5,8,5,1,4,4,5,6,4,3,4,8,0
668,6,5,7,6,5,9,5,5,6,5,6,5,5,5,4,9,0
669,4,4,6,3,-9999,5,3,2,4,6,8,8,3,3,3,5,0
670,4,8,9,7,6,7,-9999,-9999,7,5,7,8,8,5,5,-9999,0
671,5,3,6,4,8,4,5,4,4,3,4,4,6,2,2,3,0
672,8,8,9,8,4,8,-9999,-9999,6,6,8,7,3,5,5,-9999,0
673,6,3,5,4,4,7,2,1,4,6,8,8,5,6,4,7,0
674,3,4,8,5,8,7,5,3,6,6,9,9,7,6,1,6,0
675,3,-9999,4,2,3,9,3,4,3,-9999,-9999,-9999,2,-9999,1,1,0
676,6,5,5,5,5,5,5,5,4,6,8,9,9,2,3,4,1
677,8,7,6,6,5,8,-9999,-9999,-9999,7,9,9,8,7,6,-9999,0
678,8,8,8,6,6,9,-9999,-9999,7,6,7,8,8,7,6,-9999,0
679,4,3,5,3,3,7,-9999,-9999,5,4,6,7,3,4,3,-9999,0
680,9,6,5,4,-9999,9,1,1,2,7,9,9,4,5,5,4,0
681,4,4,4,-9999,2,6,2,1,3,3,4,5,3,4,1,5,0
682,7,5,8,8,6,6,-9999,-9999,6,6,9,9,9,5,3,-9999,0
683,5,5,6,6,6,7,5,5,7,4,6,6,9,3,4,8,0
684,3,8,3,7,6,7,6,5,6,4,5,6,6,3,4,8,0
685,5,2,6,5,6,9,5,5,3,5,6,6,6,5,3,7,0
686,1,1,1,1,1,1,1,1,1,1,1,1,-9999,-9999,-9999,-9999,0
687,9,6,7,4,3,9,4,4,4,6,9,9,8,5,6,5,0
688,5,4,6,4,3,6,4,3,4,6,8,8,6,5,1,7,0
689,5,6,6,6,6,7,5,3,6,4,6,7,5,6,6,7,0
690,3,3,5,3,3,6,4,3,3,5,7,7,5,4,3,7,0
691,3,5,8,6,6,5,6,4,6,5,7,7,6,3,3,2,1
692,3,3,5,4,-9999,1,4,3,4,-9999,-9999,-9999,7,2,1,5,0
693,3,3,6,3,-9999,5,3,3,4,-9999,-9999,-9999,6,2,1,6,0
694,6,2,5,4,-9999,5,3,3,4,-9999,-9999,-9999,5,2,1,5,0
695,5,5,3,2,3,9,2,3,2,6,8,7,7,2,1,5,0
696,3,6,3,4,2,5,5,5,3,6,8,9,5,4,2,2,1
697,-9999,-9999,4,1,2,-9999,5,3,-9999,1,1,2,6,1,2,1,0
698,1,1,1,1,-9999,1,1,1,1,1,1,1,-9999,-9999,-9999,-9999,0
699,5,3,4,4,4,5,5,5,2,8,9,9,7,6,5,2,0
700,3,4,4,4,3,5,6,5,2,8,9,9,7,7,5,4,0
701,8,10,9,8,6,9,-9999,-9999,7,5,8,8,8,5,5,-9999,0
702,6,2,7,5,4,5,-9999,-9999,5,5,7,7,6,3,1,-9999,0
703,2,2,6,4,3,7,4,4,4,4,7,8,7,4,3,7,0
704,4,6,9,5,4,8,6,5,6,3,4,4,8,4,5,5,0
705,8,7,5,5,7,8,4,2,4,5,8,8,6,4,2,8,0
706,6,5,7,6,7,8,5,5,6,4,6,7,8,4,5,9,0
707,4,3,4,1,2,3,1,1,3,4,6,6,4,4,1,1,0
708,3,1,3,3,2,5,5,3,4,-9999,-9999,-9999,5,4,3,6,0
709,7,9,4,6,4,6,4,3,5,6,8,7,3,5,5,7,0
710,5,4,6,4,4,7,4,5,5,5,7,9,5,5,5,3,0
711,9,6,5,5,3,9,5,5,6,4,6,6,8,5,4,8,0
712,8,8,5,5,3,9,5,5,6,5,6,6,7,3,5,8,0
713,4,4,5,3,3,8,6,5,3,6,9,9,4,6,5,9,0
714,4,4,6,4,2,9,5,5,3,6,9,9,6,7,5,9,0
715,5,8,5,3,4,7,4,3,3,5,6,4,5,5,5,7,0
716,3,2,6,4,7,4,6,4,4,4,4,7,5,5,3,7,0
717,6,6,2,-9999,1,3,3,1,1,2,4,4,3,4,5,1,0
718,6,6,6,4,6,7,5,4,7,5,7,7,7,4,2,8,0
719,8,7,4,3,7,6,5,4,5,3,6,6,7,3,3,7,0
720,6,8,7,6,4,9,5,5,5,4,7,7,6,4,3,7,0
721,5,8,9,6,4,9,5,5,5,4,6,6,6,3,4,7,0
722,5,5,4,5,4,8,6,5,4,6,6,9,6,6,4,9,0
723,4,6,6,5,5,9,5,5,5,7,9,9,5,6,3,8,0
724,3,2,2,1,-9999,7,3,3,3,4,5,4,3,3,1,5,1
725,3,5,6,6,4,5,4,1,7,4,7,7,6,3,3,3,0
726,3,2,8,6,5,5,5,5,6,4,4,6,7,2,1,3,0
727,3,4,6,5,3,9,4,5,6,6,8,8,8,6,4,6,0
728,5,8,6,2,4,7,3,3,5,3,2,3,4,3,3,4,0
729,9,10,6,7,2,8,5,4,4,4,6,6,6,6,3,5,1
730,5,3,4,4,3,7,4,4,5,6,9,9,6,7,4,9,0
731,9,6,7,6,4,5,-9999,-9999,5,4,7,8,8,5,4,-9999,0
732,9,7,5,6,4,7,-9999,-9999,5,5,8,7,4,5,2,-9999,0
733,9,10,9,5,5,8,-9999,-9999,7,6,8,9,9,5,3,-9999,0
734,9,10,9,8,9,9,-9999,-9999,7,7,9,9,9,7,7,-9999,0
735,7,7,8,6,4,9,-9999,-9999,5,6,9,9,8,5,4,-9999,0
736,8,6,9,8,5,5,5,5,7,5,9,9,5,5,3,8,0
737,5,7,8,6,6,7,-9999,-9999,6,4,5,6,7,5,2,-9999,0
738,3,3,7,7,4,9,-9999,-9999,6,5,8,7,6,4,4,-9999,0
739,4,4,6,2,4,7,-9999,-9999,6,6,8,8,8,3,2,-9999,0
740,9,6,9,8,8,8,-9999,-9999,7,7,9,9,8,7,4,-9999,0
741,8,6,8,8,8,7,-9999,-9999,7,6,9,9,9,6,4,-9999,0
742,3,6,4,4,4,9,-9999,-9999,4,7,9,9,4,7,4,-9999,0
743,3,4,9,8,6,9,-9999,-9999,7,5,8,7,8,6,5,-9999,0
744,2,3,5,4,2,9,6,5,6,4,4,4,3,4,3,8,0
745,8,5,9,7,6,7,-9999,-9999,7,6,8,9,8,6,7,-9999,0
746,7,6,8,7,5,5,-9999,-9999,7,6,9,9,9,7,3,-9999,0
747,3,2,5,5,4,9,5,5,3,5,7,7,3,2,3,8,0
748,5,4,7,6,4,7,-9999,-9999,-9999,8,9,9,7,6,6,-9999,0
749,4,4,9,6,7,6,-9999,-9999,7,6,7,7,6,5,3,-9999,0
750,7,7,4,4,3,9,-9999,-9999,7,6,7,8,9,4,6,-9999,0
751,5,5,9,7,5,4,-9999,-9999,7,5,7,8,6,7,5,-9999,0
752,8,8,7,4,2,5,-9999,-9999,5,5,6,7,6,3,2,-9999,0
753,-9999,-9999,7,6,3,-9999,5,5,-9999,4,4,6,6,2,4,5,0
754,4,9,6,3,5,9,5,5,6,5,7,7,7,5,5,7,1
755,4,5,8,5,6,8,5,5,6,4,5,6,7,5,5,5,1
756,7,5,7,6,7,2,-9999,-9999,6,5,6,7,8,5,4,-9999,0
757,9,10,6,7,6,9,-9999,-9999,7,8,9,9,9,7,3,-9999,0
758,8,10,6,5,7,9,-9999,-9999,6,6,9,9,9,7,7,-9999,0
759,3,4,5,5,3,5,3,4,4,4,6,4,4,3,4,7,0
760,8,8,9,7,5,7,-9999,-9999,6,7,9,9,7,4,4,-9999,0
761,6,8,5,7,5,9,6,5,3,5,7,7,8,6,3,8,0
762,4,6,5,5,4,9,4,4,-9999,7,8,9,7,6,6,7,0
763,3,2,4,1,1,1,4,4,3,2,6,6,2,3,1,1,0
764,3,2,5,2,1,2,4,3,2,1,6,5,2,2,1,3,0
765,6,7,9,8,5,8,-9999,-9999,7,7,9,8,9,6,5,-9999,0
766,1,2,5,5,-9999,4,6,4,5,4,5,6,4,4,3,8,0
767,3,6,6,6,-9999,7,6,5,4,4,6,5,8,3,4,5,0
768,7,6,5,5,-9999,7,5,5,5,5,4,6,7,4,5,7,0
769,8,7,9,7,3,7,-9999,-9999,6,6,8,8,7,7,5,-9999,0
770,5,5,3,5,4,9,5,4,4,4,6,5,3,5,4,8,0
771,4,4,4,4,3,6,5,3,3,4,5,5,2,3,4,8,0
772,6,4,5,5,3,7,5,4,4,6,6,7,4,5,4,8,0
773,9,6,9,6,6,9,3,5,5,6,8,9,6,7,7,8,0
774,3,4,6,7,4,6,-9999,-9999,6,6,9,8,9,6,2,-9999,0
775,5,2,7,5,3,8,5,4,4,4,7,7,8,5,3,8,0
776,7,4,7,5,4,7,5,4,4,3,5,6,6,4,2,8,0
777,5,5,5,5,3,8,5,4,5,4,7,8,8,4,3,8,0
778,7,3,5,5,5,8,4,3,5,4,5,7,6,4,2,8,0
779,6,4,4,4,5,9,5,4,4,-9999,-9999,-9999,8,4,2,8,0
780,6,5,5,5,5,8,5,3,5,6,8,8,7,4,2,8,0
781,7,10,-9999,-9999,5,7,6,5,-9999,5,5,7,5,3,4,8,0
782,6,2,3,3,1,1,1,1,2,3,5,5,1,2,2,1,1
783,9,10,9,8,7,5,-9999,-9999,7,5,8,9,8,6,5,-9999,0
784,4,3,6,3,4,9,4,5,4,5,7,5,4,6,3,7,0
785,4,5,5,2,3,4,5,5,3,3,4,6,4,4,4,7,0
786,6,5,7,4,2,6,1,4,5,4,4,5,4,4,2,7,0
787,6,5,7,4,3,7,3,4,4,4,6,8,5,4,1,5,1
788,3,4,6,4,3,4,5,2,3,2,2,5,4,3,2,1,0
789,7,7,7,6,4,8,5,5,4,6,7,7,7,4,2,8,0
790,6,9,6,6,5,6,6,4,4,5,7,7,3,5,4,9,0
791,1,4,7,2,5,8,5,4,5,5,6,6,7,6,3,9,0
792,2,3,6,2,4,6,5,5,4,6,6,7,7,7,3,8,0
793,6,8,8,7,6,2,5,4,6,6,8,8,3,3,3,3,0
794,9,9,6,5,2,8,5,5,3,5,5,7,5,5,4,7,0
795,4,3,6,4,5,8,5,4,4,5,7,7,3,6,3,9,0
796,2,2,6,4,5,9,4,4,4,5,8,9,8,6,3,9,0
797,3,3,5,5,5,9,5,4,4,6,9,9,8,6,4,8,0
798,1,4,3,1,2,9,5,4,5,4,4,5,4,4,5,7,1
799,3,3,5,2,2,9,5,4,5,3,5,4,3,3,3,8,1
800,7,7,5,4,4,7,4,2,3,4,6,6,6,5,4,6,0
801,5,7,4,4,4,5,5,4,3,6,7,7,6,5,3,4,0
802,9,10,8,8,6,7,-9999,-9999,6,6,8,9,9,7,4,-9999,0
803,5,8,9,7,4,7,-9999,-9999,7,6,9,9,8,6,4,-9999,0
804,4,5,8,8,7,8,-9999,-9999,7,7,9,9,8,6,4,-9999,0
805,8,7,9,8,9,3,-9999,-9999,7,5,6,6,5,4,1,-9999,0
806,9,8,5,4,3,5,5,4,-9999,4,7,8,4,5,5,5,0
807,4,8,5,4,1,7,5,5,2,5,5,5,4,3,2,7,1
808,5,5,3,4,-9999,4,4,3,-9999,5,7,7,5,4,3,9,1
809,5,5,6,5,3,9,6,5,5,6,8,9,5,4,4,9,0
810,5,5,4,6,3,8,6,5,4,4,8,8,8,5,5,9,0
811,5,4,3,4,2,8,6,5,3,5,6,7,3,4,4,6,0
812,5,4,4,2,2,9,5,5,4,5,7,8,2,4,4,7,1
813,7,8,4,4,2,8,5,5,4,4,5,5,6,4,2,9,0
814,8,9,8,7,8,9,6,5,6,3,2,1,9,3,6,9,0
815,7,10,7,7,9,9,6,5,6,6,8,8,9,6,5,9,0
816,7,8,9,7,7,8,6,5,6,7,9,9,9,6,5,9,0
817,3,6,6,4,3,9,6,5,4,5,8,8,7,6,2,7,0
818,5,3,5,4,3,9,6,5,4,6,8,9,7,6,2,7,0
819,3,4,2,-9999,1,1,4,2,2,3,6,6,2,2,1,1,1
820,5,4,2,-9999,1,3,3,1,2,3,5,6,2,3,2,1,1
821,2,4,6,5,4,5,4,5,5,3,4,4,6,1,1,2,0
822,5,4,5,5,3,8,1,4,4,2,2,2,5,2,1,2,0
823,3,1,5,5,4,8,4,5,4,2,3,3,4,1,1,2,0
824,3,5,6,3,1,4,4,2,4,5,8,7,5,3,2,9,0
825,3,5,7,3,3,5,6,5,3,5,4,6,6,3,3,8,0
826,4,3,5,4,3,6,5,5,4,5,6,5,4,1,1,-9999,0
827,9,7,5,5,4,9,6,5,4,6,9,9,9,4,2,9,0
828,6,3,6,5,2,7,5,4,3,2,5,6,4,2,2,6,0
829,4,4,5,3,3,5,5,5,4,5,7,7,6,4,5,5,0
830,3,4,5,3,4,8,5,2,4,5,7,6,8,4,4,7,1
831,7,8,7,5,3,8,4,3,4,5,5,6,8,6,4,8,0
832,4,5,5,5,5,7,6,5,3,4,6,4,6,2,3,7,0
833,4,5,5,5,4,9,6,4,3,5,7,7,6,3,3,8,1
834,9,9,6,7,3,7,6,5,7,6,8,9,9,7,6,9,0
835,7,6,9,6,6,6,5,4,5,3,4,4,4,3,3,7,1
836,3,6,8,6,5,7,5,3,5,4,4,5,4,2,2,7,1
837,6,6,8,5,5,6,5,4,5,3,5,6,5,2,4,7,1
838,5,5,4,2,2,9,6,5,5,4,6,7,3,6,6,9,0
839,5,6,5,6,2,9,5,4,5,5,7,6,3,6,6,7,0
840,2,5,4,4,1,9,5,4,5,5,6,7,4,6,6,9,0
841,-9999,-9999,6,4,-9999,2,-9999,-9999,-9999,3,-9999,-9999,3,-9999,-9999,-9999,0
842,2,2,6,3,2,7,4,4,4,3,6,6,2,5,4,7,0
843,3,1,4,5,2,9,4,4,4,3,6,6,2,4,5,5,1
844,7,9,5,5,4,7,1,1,5,5,6,7,5,2,5,8,0
845,5,7,4,3,4,7,5,5,5,3,3,4,5,3,5,7,1
846,3,4,4,3,3,5,4,4,2,2,4,4,3,3,3,3,1
847,4,5,1,4,5,1,5,4,3,5,8,7,1,2,1,4,0
848,1,4,5,4,3,6,5,5,4,5,7,7,6,5,4,8,0
849,4,4,4,3,3,6,5,5,4,4,6,4,4,5,4,8,0
850,3,2,6,5,3,7,5,5,5,7,9,9,4,5,3,7,0
851,6,5,7,5,3,2,4,3,3,2,5,6,1,2,2,1,1
852,5,4,5,4,3,6,5,3,2,4,6,7,4,3,2,6,0
853,3,6,3,3,3,5,2,3,3,4,6,7,6,4,2,5,0
854,5,5,5,5,6,7,4,4,6,6,7,8,6,4,3,8,0
855,4,5,6,5,5,7,5,3,4,5,9,9,4,6,3,9,0
856,4,6,8,6,6,6,5,1,5,5,8,8,4,6,4,9,0
857,6,6,6,4,5,9,4,4,5,5,7,7,4,6,5,9,0
858,7,5,6,5,3,7,5,5,5,4,6,4,8,3,6,6,0
859,5,5,7,-9999,4,7,4,3,5,2,3,4,8,2,5,4,0
860,4,1,6,-9999,2,1,4,4,3,2,3,3,1,3,2,4,0
861,3,3,4,3,2,2,4,2,3,3,6,4,4,2,3,1,0
862,4,2,6,6,5,9,6,5,6,5,7,7,9,5,2,9,0
863,3,6,7,4,4,7,5,5,5,6,8,7,8,5,2,8,0
864,5,4,4,2,3,6,4,4,3,6,7,8,6,3,4,2,0
865,9,7,6,4,4,8,5,4,3,4,7,8,4,6,7,9,0
866,6,4,5,5,2,8,4,3,4,4,5,4,7,3,3,9,0
867,5,8,9,6,5,8,5,5,7,7,9,9,6,7,3,9,0
868,4,4,5,4,3,7,1,3,2,3,6,7,7,2,3,7,0
869,3,2,4,3,3,5,3,3,3,4,4,6,7,2,2,7,0
870,4,6,8,6,4,7,5,5,4,7,9,9,6,5,3,9,0
871,2,6,7,5,4,7,3,2,4,6,9,9,5,6,3,9,0
872,2,3,3,3,3,7,5,4,3,5,8,8,5,4,3,4,0
873,1,2,4,4,3,8,5,4,3,4,7,8,6,2,3,4,1
874,5,4,5,4,4,9,5,4,4,6,9,9,8,3,3,9,0
875,4,3,5,6,3,9,5,4,4,6,8,9,7,4,1,9,0
876,8,4,5,4,4,8,4,5,4,4,6,6,8,5,3,7,0
877,2,3,7,5,3,7,4,4,5,4,5,7,6,5,4,6,0
878,9,9,5,5,3,9,4,4,4,3,4,3,7,6,6,9,1
879,9,9,3,5,3,9,4,4,3,4,4,4,7,6,7,9,1
880,6,4,5,5,4,8,3,4,3,4,7,6,4,2,3,7,1
881,8,5,5,5,4,8,5,4,3,4,4,6,5,3,4,6,0
882,3,5,3,4,4,8,5,5,5,5,7,8,9,6,3,9,0
883,3,3,8,5,4,7,4,4,5,4,3,6,4,3,4,8,0
884,3,4,6,3,2,6,4,3,4,3,4,3,5,4,3,8,0
885,4,4,7,2,4,7,4,5,4,5,5,6,4,4,4,8,0
886,4,5,4,4,4,7,5,4,3,4,6,7,6,3,4,7,0
887,4,5,7,4,4,7,5,5,3,4,7,6,6,4,5,8,0
888,5,4,3,3,5,7,5,5,2,4,6,6,4,4,3,8,1
889,3,3,5,4,4,5,4,5,4,5,7,7,4,6,4,9,1
890,4,2,8,7,3,3,-9999,-9999,5,5,8,8,8,5,3,-9999,0
891,1,4,4,3,1,5,6,4,3,5,7,7,5,4,4,3,1
892,3,5,4,5,1,5,1,1,6,4,7,7,6,3,3,8,0
893,2,4,6,5,5,5,3,2,4,4,7,7,3,3,4,2,0
894,8,7,6,6,5,7,-9999,-9999,6,5,7,8,7,4,2,-9999,0
895,2,2,5,1,3,2,2,2,2,2,3,3,3,1,2,1,1
896,3,5,6,6,5,8,5,5,4,6,8,9,8,6,2,8,0
897,1,6,9,7,7,7,-9999,-9999,6,6,8,7,9,7,4,-9999,0
898,9,8,9,8,9,9,-9999,-9999,7,8,9,9,9,7,5,-9999,0
899,5,4,6,6,5,7,6,4,5,4,4,5,3,4,3,9,0
900,7,3,6,2,5,7,6,3,5,5,7,6,3,4,5,8,0
901,4,6,5,4,2,9,6,5,3,6,7,8,3,5,5,8,0
902,3,5,5,3,4,7,5,5,3,6,7,7,2,4,3,8,0
903,8,5,5,6,5,9,5,4,5,7,9,9,6,4,5,9,0
904,6,7,7,4,4,7,5,3,4,5,7,7,8,5,2,8,0
905,5,5,7,3,3,5,3,3,4,4,7,7,6,4,4,7,0
906,3,3,6,4,6,7,5,5,6,5,8,6,6,6,4,7,0
907,7,10,5,5,5,9,4,5,4,4,6,5,8,7,2,9,0
908,8,8,5,5,4,9,5,4,4,5,6,6,8,6,2,9,0
909,3,4,5,4,4,9,4,4,4,5,7,8,5,3,3,4,0
910,4,4,5,4,4,7,5,3,4,5,6,7,6,4,4,5,0
911,7,5,3,4,5,8,6,5,4,6,9,8,3,4,5,3,0
912,4,2,5,5,4,5,5,4,3,4,7,8,4,3,1,8,1
913,3,2,3,4,-9999,6,5,4,-9999,4,6,7,2,3,2,9,1
914,8,7,7,5,3,5,5,5,4,4,6,5,3,4,2,8,0
915,7,5,5,4,3,7,5,4,4,2,2,3,3,2,2,7,1
916,9,7,6,5,5,8,5,5,7,5,6,7,8,4,5,4,0
917,5,3,7,5,6,9,5,5,5,6,7,6,9,5,4,8,1
918,5,6,7,5,5,8,4,5,4,4,6,8,7,5,3,8,0
919,3,3,4,2,2,6,5,5,2,5,6,6,1,2,3,4,0
920,5,3,3,2,-9999,7,4,3,2,4,4,5,1,1,3,1,0
921,3,5,5,4,3,7,5,5,6,3,3,3,6,2,2,2,1
922,8,9,2,5,3,5,4,4,3,6,8,8,8,4,2,8,0
923,7,9,4,4,3,7,5,5,3,5,4,8,7,4,3,7,0
924,3,4,5,4,4,7,4,5,3,5,8,9,6,4,5,9,0
925,3,4,5,4,4,9,4,5,4,7,8,8,5,3,6,7,0
926,6,7,4,4,4,7,5,4,3,4,1,6,5,4,4,6,0
927,5,4,5,4,4,7,5,3,4,5,8,8,6,6,4,8,0
928,3,3,7,4,4,5,5,2,3,6,8,8,4,5,4,8,0
929,4,2,7,7,5,7,4,5,5,5,4,4,4,4,3,8,1
930,7,6,6,5,5,5,4,5,3,3,3,3,3,5,3,1,0
931,2,1,3,1,2,1,3,2,5,5,7,8,3,2,1,3,0
932,3,3,6,6,4,5,5,5,3,5,7,6,6,3,1,5,0
933,3,5,1,2,2,2,4,4,1,4,5,5,2,1,3,1,0
934,3,4,2,2,2,5,4,4,1,4,7,5,3,2,3,1,0
935,4,2,5,4,4,6,4,4,4,6,8,8,6,4,2,5,0
936,5,2,5,4,3,6,6,4,3,6,6,7,3,3,2,6,0
937,2,2,5,3,4,9,5,5,3,6,8,8,6,3,2,7,0
938,5,6,4,6,5,5,4,5,5,6,9,9,7,7,4,7,0
939,3,4,7,6,6,7,6,5,5,4,3,3,6,5,4,7,0
940,8,8,8,7,5,9,6,5,6,6,9,9,9,7,6,9,0
941,5,8,6,5,7,5,-9999,-9999,5,5,6,7,9,3,4,-9999,0
942,2,4,1,1,3,5,3,4,-9999,4,8,9,6,3,2,1,0
943,6,2,2,-9999,2,3,5,5,1,3,5,5,3,1,2,1,0
944,2,2,4,3,3,7,3,4,3,4,6,6,2,3,3,6,0
945,5,6,9,7,7,4,-9999,-9999,7,7,9,8,8,5,6,-9999,0
946,4,4,5,8,2,7,6,5,3,6,7,8,6,4,4,7,0
947,3,4,4,4,4,5,3,3,3,4,7,6,7,2,1,1,0
948,6,5,4,4,3,9,5,5,4,4,5,5,4,2,3,8,0
949,4,4,6,5,5,4,4,2,4,8,8,9,7,4,3,7,0
950,1,6,6,4,5,5,5,5,3,8,9,9,9,4,3,7,1
951,4,4,8,7,5,7,-9999,-9999,7,5,7,6,6,4,2,-9999,0
952,7,8,8,5,5,7,-9999,-9999,7,5,8,8,6,5,4,-9999,0
953,2,3,6,4,4,5,5,5,4,4,6,6,5,3,2,1,0
954,3,5,4,3,3,6,5,5,3,4,6,6,5,3,2,5,0
955,5,6,3,4,5,9,5,5,4,4,6,6,4,4,5,6,0
956,5,1,2,3,4,7,3,4,3,4,7,6,1,1,4,4,0
957,4,5,7,6,5,6,5,4,4,4,6,4,5,4,2,7,0
958,3,3,5,5,7,9,4,5,6,3,4,4,6,3,2,8,0
959,5,6,4,3,3,4,-9999,-9999,3,6,8,7,8,3,3,-9999,0
960,1,3,3,3,2,5,4,3,5,6,8,9,8,5,2,7,0
